How many years have you been climbing outdoors?
9
10
30
9
18
1
12
1
14
3.5
3
3
16

9
39
12
15
9
3
10
2.5
21
1
1
1.5
5
12
1
1
1
9
10
2
6
5
8
6
1.5
2
10
10
1
9
1
5
5
12
20
5
6
5
3
10
4
1
1
1
2
1
13
5
1
6
1.25
8
0
6
21
6
1
10
7
6
17
15
7
5
4
42
10
3
0.25
17
6
8
1
2.5
15
5
4
3
0
0.25
22
39
35
2
2
0.5
19
1
7
24
2
5
0
1
8
2
1
5
11
8
1
6
1
1
3
2
1.5
1
3
2
1
6
2
5
0
2.5
3
2
2.5
21
6
2
5
17
4
35
16
2
6
0
5
7
2
6.5
9
0.5
19
10
6
20
4
8
5
5
13
11
4
2
3
18
2
4
10
10
4
9
6
8
6
12
4
10
1
1
1
4
1
1
1
15
9
3
20
4
3
1
10
3
15
1
1
1
7
5
25
2.5
4
4
3
4
6
0.5
2
25
2
1.5